-4.044099098839425;-8.316375046136429
-6.954751643777753;2.3029529919022877
-1.1597861992717071;9.815632938342691
8.833826427537918;1.0147518199805319
5.600374792489916;-4.306160166672197
8.039379154514524;-6.835416770693287
-0.6982124236159422;-3.2707985382795624
4.862636532780996;0.23778970903721586
-3.6285127626283353;-7.96929974544915
9.13858110256578;-7.909049555017857
-0.05270763733052419;-4.929178100188292
-0.6562800298920894;-3.04305688903219
4.096414689387233;5.2796964263122685
1.539969614661894;-6.688898173573636
9.412778419824566;9.477826443778227
5.298202492454925;-0.19200978867714014
3.9881282628108963;9.944659155605478
-1.5398322750580125;-0.35416716920318336
-4.549840272087733;-3.575862555338654
7.435016886538687;-3.217574977809898
5.231442063824767;-2.7500685233270588
-9.197629120967871;4.053397060549919
4.996915270560592;5.46048370713949
-9.663245828905742;-8.43133507930386
8.177374892592194;2.0102750730590024
1.509352948071328;2.8259696499188873
9.290682092180777;-1.949878810148375
0.513919923836907;-5.187486222733844
6.905397023926408;-6.536151297307784
-8.113456392238032;3.8053309966573217
-2.5594725824193727;-0.3960055572305432
6.98872146267372;-5.987659382519455
4.079254528221705;-1.121634999729956
-4.602017548173272;-1.7396785468967302
-8.905171718972335;-4.3091692190706565
-5.900544916283681;4.082458622532329
6.701230269254157;5.732443488073136
-7.485073752127374;-3.665716551551437
-3.9750383906434443;-8.03748711429179
9.568265156148627;-8.239196161318931
1.0042030732450051;-3.476864611757266
0.23722344815206142;9.854127774824079
-3.625293154686487;0.5067406670131049
0.7153787618811371;-6.153675190551031
3.5194195691209558;-5.135655758027053
9.605630071023977;9.971250075992252
-0.9317380449482666;2.2154183746727956
2.8073317279444545;-1.6318576839373993
8.119816466940296;9.37157226969515
6.712585207235023;2.5030671785789984
5.116455306156691;-2.873216072261073
-0.4059782838382304;5.140670378574461
3.559858214355092;2.4091245673581696
-4.94789442495523;1.0663533115246704
3.0741994239395005;-0.9581179429106577
-5.031124981308206;-8.872646546376723
5.130639350019678;9.503850081643886
5.8913573141094115;3.329707440040238
0.2213270589468923;9.955769417704591
5.05767952363793;5.118634082714269
5.430278293554874;-1.6523936525494385
7.473011571691991;-2.875556056442483
1.9648589442091957;2.5963079006977168
-7.219255435670151;-0.9884193497258416
0.4877842631459135;-4.990898397170531
2.4324727213558326;5.7763984179515155
-6.091679361213476;0.35052807880491876
9.983817035634;-2.9068577129638484
2.0662657088508034;0.748183548913584
5.123458437827217;7.399368763273731
-9.312997852095224;6.8541795839862765
-2.467332354233804;-2.7236763626427933
-2.8413081169741083;9.907641151640245
0.7015092410108181;-6.895750471474957
-2.450004331788458;4.7293373441703785
8.060121724842727;-8.585094147992214
6.478728737020639;3.903202272733166
4.5034703872966055;-2.8702690934180097
-6.247665074863731;-3.4134655914534218
6.716843242455589;0.0175722273718808
2.4180710226689968;-8.665594912274852
-6.442988812825887;-8.958954845276567
4.554138639297642;-8.433609461667896
3.8117984933150417;1.5080940414662436
1.8507920729564038;-8.863595005166578
0.5723986281082833;-2.8363302743111003
-6.780438338645136;3.573472008400177
-6.253591234353879;7.8377507542782325
-1.1768274282895135;6.831953850125821
2.5877534205071058;-1.2818892956033618
8.305886226761348;9.788190581970252
-0.4789367073243227;-2.811576718391688
-2.6706276602560264;-1.5142311094934726
4.862072074528847;3.7742727103515605
-5.0678966134017855;-9.579404026509145
-7.087314260927191;-6.353236778723099
-4.455419838729071;7.710193758380047
-9.30026395867312;-1.2816021910039588
-2.4576770589764774;-2.7061935115984763
2.6062328457340165;-1.8712620661175432
-2.713399692586316;0.6793771650042721
-0.3884786365473385;0.44737656698288575
7.005231063951573;-2.4283639694584895
7.476837011338517;0.48348869126203553
-6.0338366644091685;-8.532518396739537
-3.920683979427661;8.134512455014015
6.279684306923038;-7.491817399571026
-2.4510713907191928;-6.616849178647337
0.8971150382288009;4.479366581395803
-9.224735414611606;-3.933589159429993
-4.539839792413984;-5.840298335270262
-6.617436934934117;6.2609289402065365
-6.102533300484801;2.4773666649777724
0.9404444083945247;-9.010168810557925
-6.577165694874198;-5.813854681492705
7.052690096942783;4.114669850986976
-1.0698335540825497;-0.5050385716295391
8.21847880467653;4.580685101821334
-3.5918415232866447;0.9162299972526906
8.721680989977994;-6.433007160670519
0.45956685956162957;8.682245199058713
-0.12207029549451676;-1.714304365664482
-5.652645081608809;-3.383368811489788
2.3403617384780198;-9.654809552445439
-0.6282304432070713;-0.7436513901028103
6.057063056341626;-7.596124520182331
-7.338607369123762;2.676095027327454
5.691498815782236;4.922318085045488
-9.964548643126413;-9.816626882042282
-3.6817179965693825;0.9593048103202264
-8.617457266095482;-8.763807357911615
4.208911310664163;5.282852419956042
2.9467226705536866;6.879994527218219
8.452070559508606;3.0999745187768326
-1.5465508733431843;4.759527284563561
-6.028663853169709;5.760794859593414
-1.4897218748478807;-5.259302552016245
9.242678512697765;-6.5198249082327875
6.336604387931061;-3.854057359584897
-8.19146085333178;-0.733875220223867
2.8510291719718737;5.275806349257394
6.867534094792415;-5.079268070714955
5.366988763988239;8.638785595309969
6.3123972724872;-5.298776278274557
-0.9382364475978004;9.035821299868964
7.68514040509265;-3.0659377719738963
9.243201161560602;-5.428924591871742
9.173775315719478;5.34794349227438
-7.946415527023801;1.2826809640394465
-7.535353609518873;1.2929081236132678
-4.602132013394105;-1.608738760305151
-7.046127865294962;-5.210193527176232
-3.621259730955;2.5356974772308334
3.5430577086158284;5.669715928778604
-7.146202385320035;-7.156558002943056
4.545249004544306;7.141938101978351
-0.4884039601532031;-3.2570906388152565
5.827935971773737;-6.891993099344004
3.046790661077182;6.108800774674826
4.703007632422853;-2.1668087307935675
